index,0,1,2
26457,0.10846951447917642,0.16818399790772096,0.7233464876131026
26458,0.32063655242667743,0.22051009369218189,0.45885335388114074
26459,0.04054180911218416,0.07148821170792748,0.8879699791798883
26460,0.05303758514919643,0.07999352918989519,0.8669688856609085
26461,0.08470303225418228,0.20772407852218272,0.707572889223635
26462,0.04866620706211731,0.12720904751210876,0.824124745425774
26463,0.6171234578180615,0.36550104205325606,0.01737550012868254
26464,0.05040837457514402,0.08588609097401469,0.8637055344508412
26465,0.06505162845098049,0.09423087641358875,0.8407174951354308
26466,0.06269463855262308,0.271010024548849,0.6662953368985278
26467,0.12426769768631082,0.10482570374725993,0.7709065985664293
26468,0.03934802935724067,0.0809974105739455,0.8796545600688137
26469,0.6033619024002377,0.08363094420198945,0.31300715339777296
26470,0.06982067364021828,0.4181620683465319,0.5120172580132499
26471,0.0977337348170319,0.1303710768123965,0.7718951883705715
26472,0.0667943801339013,0.31011530280254357,0.6230903170635552
26473,0.042710802033532,0.07407974947015089,0.8832094484963171
26474,0.30119402181311755,0.6784250986591469,0.0203808795277356
26475,0.3435012526879646,0.17730053354532507,0.47919821376671035
26476,0.03846416165617119,0.08399893009042139,0.8775369082534075
26477,0.20140509576185317,0.21495432285058672,0.5836405813875601
26478,0.05632211187847139,0.08176345970385891,0.8619144284176696
26479,0.0389589874164195,0.08159480708158509,0.8794462055019954
26480,0.05575860607642052,0.0716262163656688,0.8726151775579105
26481,0.064462195761725,0.26411842989639867,0.6714193743418764
26482,0.12707277761211266,0.09578663378005074,0.7771405886078366
26483,0.0501098104634602,0.13144619088964696,0.818443998646893
26484,0.07491845420199666,0.13266634800759164,0.7924151977904117
26485,0.03977563114083637,0.07168889946154894,0.8885354693976149
26486,0.07405347404969193,0.14374847344217512,0.7821980525081331
26487,0.07156165966494511,0.09435310607846582,0.8340852342565891
26488,0.3365879377305634,0.6238120398694045,0.039600022400032166
26489,0.06711103885877477,0.23259474657293727,0.7002942145682879
26490,0.0708106387352899,0.11954585696490863,0.8096435042998015
26491,0.05422808992421296,0.13212218873257642,0.8136497213432106
26492,0.06404262425026554,0.35090012630140677,0.5850572494483276
26493,0.207964702974432,0.7845983710807598,0.007436925944808182
26494,0.0730911762139049,0.3955016610038344,0.5314071627822607
26495,0.0507320178242875,0.08093881896719823,0.8683291632085143
26496,0.0843850581036738,0.15751847355334286,0.7580964683429834
26497,0.02495445878488119,0.8479027321559465,0.12714280905917233
26498,0.16870485978847904,0.5204889267879544,0.3108062134235665
26499,0.10108841564559484,0.13791273711315458,0.7609988472412506
26500,0.07451667347689396,0.4179869172571203,0.5074964092659858
26501,0.08375711005058145,0.35085243854945547,0.565390451399963
26502,0.07293025578416804,0.10097417236684426,0.8260955718489877
26503,0.08646606722222225,0.4288873470094308,0.48464658576834696
26504,0.11395218104891412,0.16997898365166683,0.716068835299419
26505,0.06476590772754197,0.08247940747700236,0.8527546847954557
26506,0.12058177474361303,0.856621254273583,0.022796970982803866
26507,0.11351885436391068,0.8678928878161031,0.018588257819986197
26508,0.10396656855136929,0.14857669729776174,0.747456734150869
26509,0.11619669596846467,0.14968637103721943,0.734116932994316
26510,0.05700067109656782,0.2248871232685413,0.718112205634891
26511,0.0481403778339183,0.0663277491645795,0.8855318730015023
26512,0.10173381077200254,0.16849289423418698,0.7297732949938105
26513,0.12721303124286001,0.20972181931169212,0.6630651494454479
26514,0.0525545897919436,0.08820388516779282,0.8592415250402636
26515,0.35022927414486654,0.12185399690254357,0.5279167289525899
26516,0.06888119653712335,0.24219400342431135,0.6889248000385653
26517,0.17985661745592885,0.8042411234473388,0.015902259096732287
26518,0.04002471101230324,0.07291894663705796,0.8870563423506389
26519,0.37458433925446855,0.1022936110620265,0.523122049683505
26520,0.03109288806207184,0.8073190344375172,0.16158807750041093
26521,0.0731046921887397,0.25996406273362727,0.6669312450776331
26522,0.20536387676711537,0.15832591961181167,0.636310203621073
26523,0.10525523500755965,0.15786023101492852,0.7368845339775119
26524,0.08173052678192462,0.20023460109345204,0.7180348721246232
26525,0.12217176093463959,0.24173357129525525,0.6360946677701051
26526,0.05053088153196885,0.08487330205702864,0.8645958164110027
26527,0.13296129001926812,0.308225704010774,0.5588130059699579
26528,0.089738816270377,0.89323556438674,0.017025619342883023
26529,0.41820250486432753,0.09446794133799565,0.4873295537976767
26530,0.10645892211895852,0.15258114061523714,0.7409599372658043
26531,0.06120388559972637,0.19729595243849377,0.7415001619617798
26532,0.12652891931301322,0.14801413435737001,0.7254569463296168
26533,0.09862450695210342,0.15539060942898233,0.7459848836189144
26534,0.04259736347025307,0.08189742493352795,0.875505211596219
26535,0.04501842358190287,0.07161425739158714,0.8833673190265099
26536,0.09854405723168876,0.15334347738416498,0.7481124653841462
26537,0.07350554485396826,0.09732386360303816,0.8291705915429934
26538,0.05830055707547597,0.2655835017702951,0.6761159411542289
26539,0.044118215421378275,0.15469867760863798,0.8011831069699837
26540,0.2891082626884999,0.14748101386971518,0.563410723441785
26541,0.046853651340649186,0.10063946548991962,0.8525068831694312
26542,0.06525093571638266,0.1058848432202011,0.8288642210634163
26543,0.06066290831194724,0.09813460015023807,0.8412024915378148
26544,0.12592428388738203,0.17350759064530133,0.7005681254673167
26545,0.11481235183495175,0.3403217720445873,0.544865876120461
26546,0.04892572156300921,0.09954371120277213,0.8515305672342187
26547,0.0459331448546604,0.0672377144115795,0.8868291407337601
26548,0.05205490614653475,0.11505216212676415,0.8328929317267011
26549,0.22563618076635467,0.7659433709823041,0.008420448251341316
26550,0.050703991571323936,0.13870400102545474,0.8105920074032215
26551,0.050770865692484374,0.15008465336243138,0.7991444809450844
26552,0.055238196333905414,0.1788011585320886,0.765960645134006
26553,0.05327775061222274,0.08521952062628918,0.8615027287614879
26554,0.10146839084968699,0.3602906739451499,0.538240935205163
26555,0.13967431867686808,0.13818543514595447,0.7221402461771775
26556,0.054613247464600265,0.2775885662651357,0.667798186270264
26557,0.06467104997604811,0.09441072273412007,0.8409182272898318
26558,0.5646942982766099,0.10046476290831242,0.3348409388150777
26559,0.27423123276153044,0.10750823446863522,0.6182605327698342
26560,0.07430968487618828,0.10595525652014315,0.8197350586036686
26561,0.05147719816633457,0.23795467328838033,0.7105681285452851
26562,0.04660337739466378,0.07656691561737435,0.8768297069879618
26563,0.04843710206695854,0.08111122453908928,0.8704516733939521
26564,0.1012432374022776,0.14798149668930854,0.7507752659084139
26565,0.1117752099530063,0.35867444990896513,0.5295503401380286
26566,0.06703886896568544,0.21578765096116795,0.7171734800731467
26567,0.08984280434885664,0.14285280658245417,0.7673043890686891
26568,0.4289009646763371,0.5429646031585329,0.028134432165129973
26569,0.04279824089508177,0.09860387327977348,0.8585978858251447
26570,0.0601474637399981,0.6009624460223202,0.3388900902376817
26571,0.07201355705077907,0.09342373959730234,0.8345627033519186
26572,0.059859094440411674,0.17982790038095692,0.7603130051786313
26573,0.10639009244807918,0.1326836991881296,0.7609262083637911
26574,0.19031904721149429,0.09367818461482408,0.7160027681736816
26575,0.07425583246111964,0.10359979442005103,0.8221443731188293
26576,0.0854130949773632,0.10010616628801236,0.8144807387346245
26577,0.1067531714299648,0.1295916648050844,0.7636551637649508
26578,0.2801050231834586,0.40198207583420004,0.31791290098234126
26579,0.2869715584578935,0.7025996428378124,0.010428798704294156
26580,0.07392775373069652,0.11094661062174271,0.8151256356475607
26581,0.10648923658341883,0.1739268790951783,0.719583884321403
26582,0.04258129112549118,0.08314369820185005,0.8742750106726589
26583,0.04398198941602959,0.06864514489278203,0.8873728656911885
26584,0.09201969701993164,0.14838540912233233,0.7595948938577362
26585,0.11778914081266052,0.5043514109549901,0.37785944823234935
26586,0.2948790938830444,0.2755947151084758,0.4295261910084798
26587,0.3081512868555174,0.4379406637869102,0.25390804935757244
26588,0.04818371981400413,0.10489435860069245,0.8469219215853034
26589,0.12450304834051643,0.09993042002273514,0.7755665316367484
26590,0.09741374227329205,0.39915154615482534,0.5034347115718826
26591,0.15559161737930557,0.8214856423280822,0.02292274029261213
26592,0.42818284125588635,0.11185802803530817,0.4599591307088055
26593,0.04668038056931762,0.6030096856294312,0.35030993380125114
26594,0.06306817923147873,0.09247763321823085,0.8444541875502903
26595,0.041618985303960986,0.06780211469830635,0.8905788999977327
26596,0.0746556000056448,0.10115910540519141,0.8241852945891639
26597,0.5878357783121066,0.2835513435395923,0.12861287814830102
26598,0.05603616750787876,0.13882025426850503,0.8051435782236162
26599,0.055573645847274554,0.0912089033799368,0.8532174507727888
26600,0.037725997570970025,0.06925275792817631,0.8930212445008536
26601,0.0592070161132168,0.14008839030184003,0.8007045935849433
26602,0.0545710065430699,0.16305656491450354,0.7823724285424265
26603,0.058789516933960596,0.11840019047444852,0.822810292591591
26604,0.04823081345227079,0.0855760347194328,0.8661931518282965
26605,0.03652975814853722,0.06508724753473502,0.8983829943167276
26606,0.07692075416849312,0.43282102034867964,0.4902582254828273
26607,0.10879970465566578,0.8624442606944335,0.028756034649900657
26608,0.04572932490708493,0.0814630486592528,0.8728076264336624
26609,0.051242221985726116,0.09170358216167271,0.8570541958526011
26610,0.23503538763777757,0.721722281418614,0.043242330943608256
26611,0.1096557176803829,0.21985242327445115,0.670491859045166
26612,0.10354587641327316,0.4180002653407288,0.478453858245998
26613,0.06556189143118443,0.16741493851076253,0.7670231700580531
26614,0.1177223861455988,0.15043182189155996,0.7318457919628413
26615,0.11122546174803477,0.1599906529172868,0.7287838853346784
26616,0.04226562315025578,0.06770972014804137,0.8900246567017027
26617,0.08204046559265529,0.1127849856807224,0.8051745487266222
26618,0.050614226993796724,0.08119827047844466,0.8681875025277586
26619,0.07856812399408807,0.1712781358963238,0.7501537401095881
26620,0.14595429180469388,0.8057644507909982,0.048281257404307845
26621,0.04524886316707378,0.07389340209074143,0.8808577347421848
26622,0.07291177468546965,0.5557581123099998,0.37133011300453045
26623,0.0538368512410979,0.4892595482370662,0.45690360052183593
26624,0.09268325448611171,0.12643831330169913,0.780878432212189
26625,0.6495918282436927,0.1232479786244416,0.22716019313186567
26626,0.2724286652125122,0.11266055626302544,0.6149107785244624
26627,0.05022880142278928,0.07905867183669918,0.8707125267405116
26628,0.039770127309802665,0.08663402514385099,0.8735958475463462
26629,0.04166110980684633,0.0809335796290589,0.8774053105640947
26630,0.04679667932938623,0.09451647615815809,0.8586868445124557
26631,0.042490179164899736,0.07237566968155297,0.8851341511535473
26632,0.5068749872292148,0.08345185828473939,0.40967315448604585
26633,0.07060278636464182,0.10932906435699227,0.8200681492783659
26634,0.05573048755883335,0.08747907278157196,0.8567904396595947
26635,0.06686021882721822,0.22225296543899847,0.7108868157337833
26636,0.060275422335452855,0.3077987244646586,0.6319258531998885
26637,0.04208779848111426,0.11375834615360739,0.8441538553652783
26638,0.04114002621712343,0.7402217143949851,0.21863825938789144
26639,0.09660345019365425,0.7113199891093162,0.19207656069702955
26640,0.3807574676583664,0.15902101913738642,0.46022151320424715
26641,0.12518589080088602,0.5840962742974704,0.2907178349016436
26642,0.05835704627000641,0.10337290868323526,0.8382700450467584
26643,0.0643270989383973,0.22905773909442237,0.7066151619671804
26644,0.06233744862057734,0.09142092376635037,0.8462416276130723
26645,0.055345603786384735,0.10817123711830276,0.8364831590953125
26646,0.5925208769103414,0.14737118592784645,0.26010793716181224
26647,0.04574490809174713,0.07238668027787189,0.881868411630381
26648,0.05490172980312428,0.5664398407435617,0.378658429453314
26649,0.06743776753599125,0.10335541331261477,0.8292068191513938
26650,0.43028262778753085,0.5364510960178308,0.0332662761946384
26651,0.262686320368727,0.7210145539449887,0.01629912568628417
26652,0.2150091431647852,0.1371076220627684,0.6478832347724465
26653,0.2673731884645291,0.15513477093122519,0.5774920406042456
26654,0.041395641336643155,0.7348472817099557,0.22375707695340114
26655,0.049514957202904754,0.574391432716423,0.37609361008067227
26656,0.05562939837554726,0.09936706751270338,0.8450035341117492
26657,0.07489221121121101,0.35812464734077176,0.5669831414480172
26658,0.060476164964515265,0.27202976200405443,0.6674940730314304
26659,0.13824865030043768,0.21204284684844726,0.6497085028511151
26660,0.06897303001694594,0.210114650578904,0.7209123194041501
26661,0.21174316397582227,0.19372775086910451,0.5945290851550731
26662,0.05750456183751096,0.2855931086538304,0.6569023295086587
26663,0.05429781771299103,0.16060706655788795,0.785095115729121
26664,0.1305280981537331,0.15415166563909766,0.7153202362071692
26665,0.17475365932727602,0.18679459841363522,0.6384517422590887
26666,0.06544974720023526,0.3993162247147497,0.535234028085015
26667,0.030578136727900482,0.06520066816543615,0.9042211951066634
26668,0.050527964336976476,0.5161412880194031,0.43333074764362056
26669,0.2222175252528517,0.2556637640685397,0.5221187106786086
26670,0.33971224858943977,0.26144129103428293,0.3988464603762774
26671,0.05612934537139874,0.5664481898942689,0.37742246473433233
26672,0.0498284065100746,0.09057630140028443,0.859595292089641
26673,0.11373210330965122,0.14500719126565365,0.741260705424695
26674,0.611006109371922,0.07709437014132386,0.31189952048675407
26675,0.041663097164245974,0.10005256859516873,0.8582843342405851
26676,0.052982700112010644,0.1210196761773297,0.8259976237106597
26677,0.04663921149149293,0.0766510312495825,0.8767097572589247
26678,0.0753000703566932,0.2102083435046542,0.7144915861386525
26679,0.11463771754876971,0.15095515303211776,0.7344071294191126
26680,0.05580705757528308,0.24171928086385142,0.7024736615608654
26681,0.047754749401215144,0.07581926379144069,0.8764259868073441
26682,0.045396788834860057,0.09726423472780345,0.8573389764373364
26683,0.058701485165086074,0.2765899698208624,0.6647085450140515
26684,0.09317451924506677,0.1537946020212769,0.7530308787336564
26685,0.2498362323596194,0.11570292618021587,0.6344608414601648
26686,0.04569656212701081,0.08218097492972418,0.8721224629432651
26687,0.11014824832785003,0.1785477179066545,0.7113040337654954
26688,0.21827254205313357,0.5249066747988268,0.2568207831480396
26689,0.0936952608028859,0.1521439417823666,0.7541607974147475
26690,0.04108620215657525,0.07606536267818141,0.8828484351652435
26691,0.1520369594903514,0.3541257450044364,0.49383729550521216
26692,0.05260573191592182,0.3162792522777007,0.6311150158063774
26693,0.3895895346156751,0.1126724180156105,0.4977380473687144
26694,0.571978982148455,0.41283573443891913,0.015185283412625813
26695,0.05624638302756392,0.07615306026508846,0.8676005567073475
26696,0.042751604434017175,0.0747544394528467,0.8824939561131361
26697,0.04052796948246063,0.06612508361284432,0.8933469469046951
26698,0.040741050009088293,0.06317444185607368,0.896084508134838
26699,0.07598156038452233,0.4158608035127487,0.508157636102729
26700,0.06453953599889056,0.38650303911037537,0.5489574248907341
26701,0.15967775155387892,0.405198814326991,0.43512343411913007
26702,0.10617885441836765,0.3145274570546952,0.5792936885269371
26703,0.06077074573052775,0.10637552523665966,0.8328537290328126
26704,0.04387365677961725,0.08117095516287628,0.8749553880575065
26705,0.048083396527649466,0.06513724218032635,0.8867793612920242
26706,0.0481153868495636,0.08034498795107589,0.8715396251993605
26707,0.27630614954191335,0.11989449407224538,0.6037993563858413
26708,0.043158910476981685,0.0755923834508562,0.8812487060721621
26709,0.03841359892944839,0.07676514652476103,0.8848212545457906
26710,0.05688065591279388,0.11282342257630477,0.8302959215109015
26711,0.27458703468708606,0.10461591492846224,0.6207970503844517
26712,0.06627105734612809,0.1943589391140035,0.7393700035398684
26713,0.08180671365824818,0.45867055347764374,0.4595227328641081
26714,0.05442178215524837,0.12481314278857197,0.8207650750561797
26715,0.07123735078247978,0.211738565468941,0.7170240837485792
26716,0.09139248812724794,0.6342603586127442,0.2743471532600079
26717,0.06893415033229239,0.18101179649405355,0.750054053173654
26718,0.10677913162083344,0.15339478979505727,0.7398260785841093
26719,0.07847252711121178,0.37830176319741776,0.5432257096913705
26720,0.10162701691840516,0.10411651922605894,0.7942564638555358
26721,0.061450006960608435,0.2172894914790551,0.7212605015603365
26722,0.19275681389302482,0.12087012079765694,0.6863730653093182
26723,0.08156035959372274,0.11018088965021008,0.8082587507560671
26724,0.06266616761812899,0.5223248288528513,0.41500900352901976
26725,0.05118744679610689,0.3276113743751041,0.6212011788287889
26726,0.1026632957410979,0.3614072612776181,0.535929442981284
26727,0.04624381670754697,0.08820466047721398,0.8655515228152388
26728,0.09415235896171466,0.1679115180169071,0.7379361230213781
26729,0.09343249509334275,0.22320910609057545,0.6833583988160818
26730,0.1300448741880327,0.5236265822824803,0.3463285435294871
26731,0.05713450979802168,0.09101498556401715,0.8518505046379612
26732,0.17612977006302788,0.8046449698905115,0.019225260046460732
26733,0.04851307916347686,0.06059721209180711,0.890889708744716
26734,0.10970415336341952,0.16763632944875514,0.7226595171878254
26735,0.050958632888001745,0.10447488793814934,0.8445664791738489
26736,0.09358674854259534,0.20001430999468534,0.7063989414627193
26737,0.0904442181142906,0.31678392315412474,0.5927718587315847
26738,0.037428648314242384,0.07399654722549627,0.8885748044602613
26739,0.4378042161641106,0.10884889349329252,0.4533468903425969
26740,0.044648140434702555,0.08876521703501386,0.8665866425302836
26741,0.12252732288755698,0.8376286794959038,0.039843997616539124
26742,0.051414152916392564,0.2183277559444104,0.730258091139197
26743,0.104943903040905,0.145033572111076,0.750022524848019
26744,0.11383404749415876,0.25002417072022026,0.636141781785621
26745,0.03404781421360593,0.07118285935939188,0.8947693264270021
26746,0.40912951205904885,0.12850032043345322,0.462370167507498
26747,0.049492703709809203,0.5064538899508555,0.4440534063393353
26748,0.20648595126178704,0.2757739802690998,0.517740068469113
26749,0.056092984363734985,0.1127067435924124,0.8312002720438526
26750,0.061528778999918356,0.126055154833691,0.8124160661663906
26751,0.055344950154879655,0.12435618658290147,0.8202988632622189
26752,0.0897536321946683,0.45984589572804174,0.45040047207728995
26753,0.09990952994079962,0.13993035218925706,0.7601601178699435
26754,0.08957102965295627,0.09871170339271662,0.8117172669543271
26755,0.05812008674426549,0.13395491514681307,0.8079249981089214
26756,0.11704221730653865,0.10593918731746739,0.777018595375994
26757,0.1875179606421457,0.22188019698122674,0.5906018423766275
26758,0.1186404192853632,0.2534944947815193,0.6278650859331176
26759,0.09730971854086162,0.1509710325827502,0.7517192488763881
26760,0.4079083800372582,0.1433161707449788,0.4487754492177629
26761,0.05913165776019376,0.12819565510129652,0.8126726871385097
26762,0.03994114884884826,0.07417253372362426,0.8858863174275277
26763,0.045237954797841276,0.09271671703991548,0.8620453281622433
26764,0.07247769917377986,0.11313616714374661,0.8143861336824736
26765,0.070460824712886,0.10278718349800943,0.8267519917891045
26766,0.06321840942226041,0.4497127360311717,0.48706885454656795
26767,0.06859634943746741,0.11328856116206605,0.8181150894004665
26768,0.109106524844703,0.8730040740756078,0.017889401079689202
26769,0.42738103842891795,0.1252923743529616,0.44732658721812046
26770,0.061583933414612185,0.08398171847090159,0.8544343481144863
26771,0.2114068809125645,0.7662880983704468,0.022305020716988814
26772,0.4211333123932284,0.07792919211047261,0.500937495496299
26773,0.10647153553622617,0.13907852624006667,0.7544499382237073
26774,0.10990480451043824,0.16078000114433555,0.7293151943452261
26775,0.06229898493602657,0.25399675369592994,0.6837042613680436
26776,0.04759736135174516,0.08466577093628111,0.8677368677119737
26777,0.03998365022029947,0.06359794279968368,0.896418406980017
26778,0.051473231945789844,0.08110764482065765,0.8674191232335525
26779,0.055988648767542365,0.13450052131308074,0.8095108299193771
26780,0.048327117042861564,0.08435659329191357,0.8673162896652249
26781,0.04622897976685526,0.13134176951742332,0.8224292507157215
26782,0.05383804556760415,0.08415818524401418,0.8620037691883817
26783,0.17055739073124607,0.17559416370006745,0.6538484455686865
26784,0.05049818399390654,0.5206215697643783,0.42888024624171517
26785,0.06469097379240325,0.12574772862000705,0.8095612975875897
26786,0.35419384455719505,0.11516646804584955,0.5306396873969553
26787,0.04972787102067551,0.09216984302439926,0.8581022859549252
26788,0.19103784072309454,0.24614526892824104,0.5628168903486643
26789,0.057202131562399935,0.49460261742784867,0.4481952510097515
26790,0.06201545325700566,0.12411462552715337,0.8138699212158409
26791,0.041135562563383785,0.07319747210680724,0.885666965329809
26792,0.0738793969836058,0.14871721190861156,0.7774033911077824
26793,0.059240664843582945,0.15213642520647647,0.7886229099499406
26794,0.06517085273740889,0.11611560280944608,0.818713544453145
26795,0.06340880411313528,0.20364716733958907,0.7329440285472757
26796,0.12259239761353624,0.8714707037803429,0.0059368986061207945
26797,0.05950017354071669,0.28502323248041267,0.6554765939788707
26798,0.582688509333987,0.08785751186344629,0.32945397880256666
26799,0.23140709226588327,0.1009383313585818,0.667654576375535
26800,0.08754004935790613,0.8926909945947239,0.019768956047369817
26801,0.05027251987837011,0.5203387865482968,0.4293886935733331
26802,0.10788342748675467,0.14613193714062983,0.7459846353726155
26803,0.05888861374944204,0.18221068922727734,0.7589006970232807
26804,0.05304048488036559,0.23774498338283026,0.7092145317368043
26805,0.04608249863558142,0.10276468605466098,0.8511528153097576
26806,0.10909592936537296,0.2535150026594972,0.63738906797513
26807,0.04329433177222338,0.07541286956939176,0.881292798658385
26808,0.05456874064816846,0.16532860981793576,0.7801026495338959
26809,0.05826870674079013,0.2331482928794071,0.7085830003798028
26810,0.05508071299725873,0.28461577246589087,0.6603035145368503
26811,0.04309768054575155,0.10491757784657975,0.8519847416076687
26812,0.04139100384855059,0.07811351084248538,0.8804954853089639
26813,0.09076599776835757,0.4600838427761977,0.44915015945544484
26814,0.11932102499502643,0.15885474988053166,0.721824225124442
26815,0.09683419264870877,0.14106719549385247,0.7620986118574388
26816,0.0938672291584596,0.24882651677184678,0.6573062540696936
26817,0.04016401356701528,0.05611144338934499,0.9037245430436397
26818,0.2514674554376556,0.16650314457106546,0.582029399991279
26819,0.10636155440738085,0.2454745525413598,0.6481638930512593
26820,0.13299811797520678,0.8455393932031464,0.021462488821646794
26821,0.07047312519333628,0.91599449207044,0.01353238273622369
26822,0.07580996054323454,0.4089467250080447,0.5152433144487207
26823,0.05957371683429417,0.08168585333367832,0.8587404298320275
26824,0.10353521928392584,0.109053668012587,0.7874111127034872
26825,0.040684612004154797,0.07576245396523487,0.8835529340306103
26826,0.05158159691027527,0.08949201334669844,0.8589263897430262
26827,0.1066126432473971,0.14810555008963475,0.7452818066629682
26828,0.09959502542966198,0.1629624667508294,0.7374425078195086
26829,0.06404303486709174,0.08456868893445538,0.8513882761984529
26830,0.041701322776839134,0.08117770762613971,0.8771209695970212
26831,0.06227689786395776,0.14857527880466787,0.7891478233313742
26832,0.02958693762731842,0.07835831219603544,0.892054750176646
26833,0.06292170242167663,0.12553417970107958,0.811544117877244
26834,0.0584304526534505,0.1358814350715323,0.8056881122750171
26835,0.6046230175907866,0.0907370555847295,0.30463992682448393
26836,0.11771082588111888,0.32471548934948574,0.5575736847693954
26837,0.11668521712460131,0.07930277132922817,0.8040120115461704
26838,0.15720205478201196,0.2491028725631208,0.5936950726548673
26839,0.5726825814763077,0.08878157290864952,0.3385358456150428
26840,0.08107043612898464,0.16818230294505337,0.750747260925962
26841,0.048348468419296915,0.06614288548828062,0.8855086460924225
26842,0.058444716855423094,0.22863388645615668,0.7129213966884203
26843,0.10483038768450897,0.13780108602703434,0.7573685262884566
26844,0.05336279964339105,0.6509011034361714,0.2957360969204377
26845,0.4213256242357172,0.09153994741213721,0.4871344283521456
26846,0.055456781365460894,0.10779106296940523,0.8367521556651338
26847,0.09575336460169546,0.21022347734983227,0.6940231580484724
26848,0.19975783678068698,0.1110511992716208,0.6891909639476921
26849,0.2985621053579803,0.16809241637919267,0.5333454782628271
26850,0.10394220804729126,0.19457609154409441,0.7014817004086145
26851,0.10821700629900144,0.13371876509953332,0.7580642286014653
26852,0.05337437397498778,0.5806170621697009,0.36600856385531133
26853,0.047376695387882695,0.08206962190280714,0.8705536827093101
26854,0.09106772098111532,0.8938222488251141,0.015110030193770722
26855,0.057424722977633715,0.1659546481671758,0.7766206288551905
26856,0.13162788822899532,0.10828908768875702,0.7600830240822477
26857,0.07262645612018313,0.4360283941190739,0.491345149760743
26858,0.034133205694313044,0.8424063423366872,0.12346045196899967
26859,0.04198153256799455,0.6457162890401612,0.31230217839184427
26860,0.049318294110895965,0.6746201927225132,0.2760615131665908
26861,0.0750791396853971,0.2218974605359991,0.7030233997786038
26862,0.06829537855269166,0.10065457098202515,0.8310500504652832
26863,0.048467424681274844,0.11495947282991603,0.8365731024888092
26864,0.07945319366444832,0.3025256783223071,0.6180211280132446
26865,0.06036856327625091,0.20954244492908283,0.7300889917946661
26866,0.051942088290070076,0.1610819953318745,0.7869759163780553
26867,0.059457268675205746,0.08562068263251556,0.8549220486922787
26868,0.060960446067812084,0.10395301514104856,0.8350865387911393
26869,0.037165524553072524,0.051440085792886996,0.9113943896540404
26870,0.036639905452819546,0.7557229912940959,0.20763710325308463
26871,0.3984858463622473,0.12584122191405422,0.4756729317236984
26872,0.0433217189317926,0.08994386104929072,0.8667344200189168
26873,0.06957502914530389,0.16387426245430003,0.7665507084003962
26874,0.06025617454792587,0.3648874167988189,0.5748564086532553
26875,0.10820136272832222,0.20967083721626883,0.6821278000554089
26876,0.048879438666932395,0.06898827826518414,0.8821322830678834
26877,0.056147824663196885,0.09307051083275511,0.8507816645040479
26878,0.09942648513962506,0.13840170923505196,0.7621718056253232
26879,0.07803859787644973,0.22629938867350693,0.6956620134500433
26880,0.1436872873031265,0.10754067456794117,0.7487720381289324
26881,0.03576504305797922,0.08270525690087019,0.8815297000411506
26882,0.5536815620867293,0.08650226386916168,0.359816174044109
26883,0.05101158585206469,0.08834524634891297,0.8606431677990223
26884,0.06262617410044931,0.404152568685504,0.5332212572140469
26885,0.11190278104060537,0.12175307226726645,0.7663441466921281
26886,0.03750515007334518,0.07627747497627835,0.8862173749503766
26887,0.0574709757476557,0.11845975076818921,0.8240692734841552
26888,0.16229202728871797,0.1576611080509051,0.6800468646603769
26889,0.046280414654557095,0.08402831469392898,0.869691270651514
26890,0.07013972172218597,0.2254916856906817,0.7043685925871324
26891,0.047753034303441105,0.5988066420034759,0.353440323693083
26892,0.06760205122280034,0.09789003533576005,0.8345079134414396
26893,0.04536256123171315,0.0695925584535523,0.8850448803147345
26894,0.0532320328977415,0.13473491440687355,0.8120330526953848
26895,0.07864526808539489,0.41622416744217533,0.5051305644724298
26896,0.06418094346552469,0.09411983908403662,0.8416992174504387
26897,0.06783616084441751,0.17825038009078303,0.7539134590647995
26898,0.040143479113143456,0.07166836231729531,0.8881881585695612
26899,0.11831729359942718,0.12916422771644762,0.7525184786841251
26900,0.059441443378210744,0.20567361422759986,0.7348849423941894
26901,0.06879934503842036,0.2590590929229597,0.67214156203862
26902,0.043534542775026365,0.05183826235421784,0.9046271948707557
26903,0.071051556738873,0.2194878975291326,0.7094605457319945
26904,0.6498489118309443,0.32401362450529114,0.02613746366376454
26905,0.0654659305657763,0.10538145282242635,0.8291526166117972
26906,0.043757820940324925,0.1084133182600412,0.8478288607996337
26907,0.03389235524544293,0.06321829836991695,0.9028893463846402
26908,0.05197323742241815,0.13583341324833903,0.8121933493292429
26909,0.04765428544899328,0.5903830583691803,0.36196265618182655
26910,0.09542880836788542,0.19145749808140164,0.7131136935507129
26911,0.04875753810212599,0.07731479157551471,0.8739276703223595
26912,0.04835430828608558,0.09798243943507773,0.8536632522788368
26913,0.30448447772379106,0.1659750110966248,0.5295405111795841
26914,0.050141953443704236,0.14022533314482635,0.8096327134114696
26915,0.10466895239063735,0.11733667331625777,0.7779943742931049
26916,0.22949416107842988,0.7562213497443334,0.014284489177236622
26917,0.05513787907408971,0.1539536443110655,0.7909084766148448
26918,0.06756181020936261,0.11715268255533168,0.8152855072353057
26919,0.4891255380208623,0.11750678114509112,0.3933676808340466
26920,0.0627018675026833,0.20393249144731806,0.7333656410499987
26921,0.058455138229092964,0.5320471266434682,0.40949773512743887
26922,0.07437934858363693,0.42318031407377804,0.5024403373425851
26923,0.04512391966731911,0.07221353536102014,0.8826625449716609
26924,0.05579870225742651,0.12982687229690587,0.8143744254456675
26925,0.049917016802440456,0.06763350082468605,0.8824494823728735
26926,0.10394687363690049,0.23551449973492586,0.6605386266281736
26927,0.06514993496583016,0.09893262449531896,0.8359174405388509
26928,0.06573035644642317,0.9209131060725116,0.013356537481065153
26929,0.04640994734096846,0.11202069111490008,0.8415693615441314
26930,0.046318479290958,0.695160867916491,0.258520652792551
26931,0.14768207967217883,0.8346913972219323,0.017626523105888907
26932,0.04560700953789671,0.6602079572107562,0.29418503325134704
26933,0.4153619669083421,0.10986149422402393,0.4747765388676341
26934,0.06922580199217518,0.09634903969863881,0.8344251583091861
26935,0.05375781153102781,0.13809595018928264,0.8081462382796896
26936,0.05131961007020209,0.12585134369317466,0.8228290462366232
26937,0.13058643857878,0.17445389585486235,0.6949596655663576
26938,0.23721912418556365,0.7488046609821103,0.013976214832326072
26939,0.6226767635085543,0.3495127098828053,0.02781052660864041
26940,0.10894587042229532,0.12397013574730165,0.7670839938304029
26941,0.09196741458504319,0.210338238681081,0.6976943467338759
26942,0.06629011997547392,0.10746678335418566,0.8262430966703405
26943,0.05096202314458229,0.3797192404318882,0.5693187364235295
26944,0.06702959671966446,0.10085972150071108,0.8321106817796243
26945,0.0692925234219476,0.4420365435221002,0.48867093305595216
26946,0.04287054927831617,0.07812321950067572,0.8790062312210083
26947,0.06393526475201428,0.14127242301713536,0.7947923122308503
26948,0.0752480126208428,0.33922771115220873,0.5855242762269486
26949,0.330718725020394,0.13848038268296722,0.5308008922966387
26950,0.16616604143363423,0.1413832908574891,0.6924506677088765
26951,0.3452590933430881,0.3579963688472544,0.29674453780965754
26952,0.1127556584162438,0.20511180112207816,0.6821325404616779
26953,0.11156510474794384,0.090062967480794,0.7983719277712621
26954,0.049712077209917535,0.14091438263692033,0.8093735401531619
26955,0.04043709926300382,0.6260983373684648,0.3334645633685315
26956,0.14440538516199788,0.2196423635336248,0.6359522513043774
26957,0.6579838310548246,0.101218508854921,0.24079766009025444
26958,0.25346913289188255,0.12113762894791602,0.6253932381602013
26959,0.06636804698376798,0.14053924546065039,0.7930927075555816
26960,0.07040389776804319,0.17398194151772914,0.7556141607142276
26961,0.055143226065685065,0.1331442834862973,0.8117124904480176
26962,0.051934936788404405,0.5568503161101185,0.3912147471014771
26963,0.3895895346156751,0.1126724180156105,0.4977380473687144
26964,0.1055040552848564,0.13580798833194557,0.7586879563831982
26965,0.044115897081158775,0.6857769354036095,0.2701071675152317
26966,0.06418094346552469,0.09411983908403662,0.8416992174504387
26967,0.04913337482988096,0.09854854600974489,0.8523180791603742
26968,0.11118189663896944,0.1612870959305075,0.7275310074305231
26969,0.05583568493300112,0.0733701187997618,0.870794196267237
26970,0.05906032937353509,0.10112052381120434,0.8398191468152606
26971,0.06681738301603879,0.25251149140842755,0.6806711255755337
26972,0.14143400667570852,0.29785452581991995,0.5607114675043716
26973,0.09863028954189244,0.16108230367778517,0.7402874067803223
26974,0.03477377665613448,0.062073725138492644,0.9031524982053728
26975,0.0446220138488939,0.06453731333815238,0.8908406728129536
26976,0.1564052780751356,0.8111678072933439,0.032426914631520615
26977,0.11341195375812398,0.17430834356294658,0.7122797026789295
26978,0.04747433217012946,0.12098367294442881,0.8315419948854418
26979,0.10914265614345943,0.2092646701896,0.6815926736669405
26980,0.059829622474459755,0.17576123647842942,0.7644091410471108
26981,0.06950242653875316,0.42872455508764884,0.5017730183735981
26982,0.052508947517045275,0.11954704478656432,0.8279440076963903
26983,0.10404790186053181,0.1680139010060327,0.7279381971334354
26984,0.06827386367827049,0.22007814392427497,0.7116479923974546
26985,0.0689382479829666,0.4496139166390928,0.48144783537794067
26986,0.09288488641299418,0.11540795582885846,0.7917071577581474
26987,0.041676413588517924,0.7573608803195333,0.20096270609194883
26988,0.13576641115566895,0.2566004094317566,0.6076331794125744
26989,0.050697901529902445,0.5712976552670493,0.37800444320304816
26990,0.041723274883351716,0.07266813105092602,0.8856085940657222
26991,0.04515267770137401,0.08266793757465765,0.8721793847239685
26992,0.09577131937579106,0.6549384976959342,0.24929018292827476
26993,0.0386302381049016,0.07806720337775584,0.8833025585173425
26994,0.11663875694578565,0.14702037826240472,0.7363408647918097
26995,0.05860033143958214,0.1889616741297466,0.7524379944306713
26996,0.03833102522171155,0.07785347636969579,0.8838154984085926
26997,0.19913281616873682,0.49144771789848957,0.3094194659327736
26998,0.5262807724349488,0.090658738202492,0.38306048936255926
26999,0.5621514552836216,0.08439596946470365,0.3534525752516747
27000,0.057406243959050786,0.47129403336076336,0.47129972268018583
27001,0.06978903632185135,0.29351640232184667,0.636694561356302
27002,0.06406670736789585,0.24672930158245515,0.689203991049649
27003,0.06452907066586272,0.13141912822131574,0.8040518011128215
27004,0.25508590734814063,0.1361646585521565,0.608749434099703
27005,0.0592714967839695,0.28668330899730643,0.6540451942187242
27006,0.047242892770011764,0.0789238709959374,0.8738332362340508
27007,0.08030571846976915,0.7303164325960042,0.1893778489342267
27008,0.06709833146746685,0.19739092204142764,0.7355107464911055
27009,0.05666824321182545,0.15529051731107577,0.7880412394770988
27010,0.034672649328960095,0.071777911889685,0.893549438781355
27011,0.13020183309025368,0.5464699503341974,0.323328216575549
27012,0.05274298376478227,0.077288180263515,0.8699688359717027
27013,0.1973224294721755,0.134943335728737,0.6677342347990876
27014,0.1024022237945401,0.4421207725921429,0.455477003613317
27015,0.08272477241723734,0.48668160770709257,0.43059361987567013
27016,0.049603299937478376,0.083631702367813,0.8667649976947087
27017,0.05872566538066877,0.1005889277616267,0.8406854068577044
27018,0.12419551231752138,0.11934869832170976,0.7564557893607687
27019,0.10211497231489618,0.16580834045715614,0.7320766872279476
27020,0.07647663509042125,0.22630092191630544,0.6972224429932732
27021,0.06922717305500539,0.3524285689627641,0.5783442579822304
27022,0.04197951829375832,0.07191878569587332,0.8861016960103684
27023,0.1439219370121868,0.2902653083679401,0.5658127546198731
27024,0.13311976616187662,0.2007312471279385,0.666148986710185
27025,0.26146199744386656,0.10211294789923957,0.6364250546568939
27026,0.042852336389366405,0.07497128531258747,0.8821763782980462
27027,0.1075083527807466,0.09367941672168868,0.7988122304975647
27028,0.5268900717434642,0.08421948945106834,0.3888904388054675
27029,0.05105954402392502,0.095166760921586,0.853773695054489
27030,0.16677543049574756,0.5364754563524103,0.29674911315184216
27031,0.44118812519812967,0.2574872960903709,0.3013245787114994
27032,0.36956354135470876,0.13768063796891314,0.49275582067637813
27033,0.07136054522847693,0.09914520956347767,0.8294942452080454
27034,0.09888011318895444,0.15793608065243483,0.7431838061586108
27035,0.6031988655606687,0.09153548679464919,0.3052656476446821
27036,0.1099104158017335,0.13555145374657046,0.754538130451696
27037,0.21919769070719183,0.4558026514569793,0.32499965783582896
27038,0.047637910581944665,0.07291872508981898,0.8794433643282363
27039,0.1981188060482331,0.15897151074319463,0.6429096832085722
27040,0.06179754266552888,0.09920518875964025,0.8389972685748308
27041,0.04022236256640079,0.06593998273540318,0.8938376546981959
27042,0.18763505702094627,0.7881880249567271,0.02417691802232674
27043,0.05264143108411841,0.08405798946075085,0.8633005794551307
27044,0.04670082640652614,0.08602299645468062,0.8672761771387932
27045,0.09382636095328084,0.13896308925616366,0.7672105497905555
27046,0.07312608351488993,0.09942495651765158,0.8274489599674586
27047,0.10370526297013956,0.5174214767879218,0.3788732602419386
27048,0.30585370777415405,0.6878834937171174,0.0062627985087284664
27049,0.1517044498861583,0.4115577782558456,0.43673777185799606
27050,0.048583322282409816,0.10222958977392205,0.8491870879436682
27051,0.10430906169746951,0.31677499333444603,0.5789159449680845
27052,0.04675434785364518,0.08290121406386786,0.870344438082487
27053,0.059801129370197055,0.21819314886141494,0.722005721768388
27054,0.05599541225300085,0.10575917675906821,0.8382454109879308
27055,0.22657380068012636,0.7574120944681045,0.016014104851769115
27056,0.23560878778945654,0.7477122842066882,0.01667892800385506
27057,0.06462507441226065,0.40705163795866267,0.5283232876290767
27058,0.4840316427813961,0.1352458544524817,0.38072250276612224
27059,0.06362414888380004,0.13357391016924883,0.8028019409469512
27060,0.0584214657522852,0.12691934664186827,0.8146591876058467
27061,0.39766731019512264,0.1390932096428095,0.463239480162068
27062,0.17623234605585675,0.10991562164121935,0.7138520323029238
27063,0.044918047658280905,0.09260366179669846,0.8624782905450207
27064,0.03870310904217467,0.06369822662757806,0.8975986643302473
27065,0.05722836848151105,0.45526376289771014,0.48750786862077883
